2021-04-11 10:55:09.775100
BTCUSDT [0.78, 0.08, 2.53, 5.98, 4.22]
ETHUSDT [1.55, 0.16, 1.95, 4.85, 3.91]
BCHUSDT [0.98, 0.18, 2.86, 3.32, 6.08]
XRPUSDT [1.21, 0.2, 3.39, 5.83, 5.17]
EOSUSDT [2.4, 0.3, 2.11, 4.32, 5.69]
LTCUSDT [0.58, 0.07, 1.94, 3.93, 5.65]
TRXUSDT [2.02, 0.53, 6.32, 7.93, 4.88]
ETCUSDT [1.66, 0.2, 2.24, 3.1, 3.74]
2021-04-11 10:55:22.977340
2021-04-11 10:55:36.370002
BTCUSDT [3.49, 0.34, 2.62, 6.0, 4.23]
ETHUSDT [2.87, 0.29, 1.99, 4.86, 3.91]
BCHUSDT [3.19, 1.14, 3.07, 3.34, 6.09]
XRPUSDT [3.59, 0.59, 3.5, 5.86, 5.18]
EOSUSDT [4.17, 0.53, 2.17, 4.33, 5.69]
LTCUSDT [2.52, 0.3, 1.99, 3.94, 5.66]
2021-04-11 10:55:46.609693
2021-04-11 10:57:04.050198
BTCUSDT [0.09, 1.23, 2.92, 6.07, 4.24]
ETHUSDT [0.43, 2.44, 2.59, 5.0, 3.94]
BCHUSDT [0.07, 1.92, 3.25, 3.39, 6.11]
XRPUSDT [0.37, 1.73, 3.85, 5.93, 5.2]
EOSUSDT [0.06, 1.42, 2.43, 4.38, 5.71]
LTCUSDT [0.65, 1.31, 2.22, 3.99, 5.67]
TRXUSDT [0.77, 2.75, 7.11, 8.13, 4.93]
ETCUSDT [0.21, 0.76, 2.37, 3.12, 3.75]
2021-04-11 10:57:16.399614
2021-04-11 10:57:30.147446
BTCUSDT [1.65, 1.35, 2.95, 6.08, 4.24]
ETHUSDT [2.05, 2.61, 2.65, 5.01, 3.94]
BCHUSDT [1.43, 2.12, 3.29, 3.4, 6.11]
XRPUSDT [1.78, 1.94, 3.91, 5.94, 5.2]
EOSUSDT [3.15, 1.69, 2.48, 4.39, 5.71]
LTCUSDT [1.65, 1.41, 2.24, 4.0, 5.68]
TRXUSDT [5.7, 3.95, 7.55, 8.26, 4.95]
ETCUSDT [0.98, 0.84, 2.39, 3.12, 3.75]
LINKUSDT [1.06, 1.73, 2.85, 3.8, 5.09]
XLMUSDT [4.04, 3.07, 3.95, 6.27, 9.7]
ADAUSDT [1.56, 2.11, 1.58, 6.87, 26.45]
XMRUSDT [1.02, 2.07, 3.03, 3.1, 2.86]
2021-04-11 10:57:48.400075
2021-04-11 11:34:53.956707
BTCUSDT [9.86, 4.84, 1.23, 3.08, 4.83]
ETHUSDT [7.07, 6.03, 1.74, 4.17, 4.75]
BCHUSDT [10.89, 7.24, 1.43, 1.39, 6.61]
XRPUSDT [4.51, 5.51, 1.95, 3.61, 6.09]
EOSUSDT [5.42, 8.1, 1.88, 2.01, 6.34]
LTCUSDT [0.09, 0.02, 1.83, 2.76, 6.46]
TRXUSDT [0.51, 0.09, 4.09, 4.81, 5.97]
ETCUSDT [0.0, 0.0, 5.25, 2.56, 4.42]
LINKUSDT [0.16, 0.08, 2.33, 5.21, 6.39]
XLMUSDT [0.33, 0.08, 2.68, 4.22, 11.6]
ADAUSDT [0.57, 0.1, 0.94, 2.94, 27.41]
XMRUSDT [0.46, 0.07, 2.34, 2.73, 3.36]
DASHUSDT [2.24, 0.56, 2.17, 2.24, 5.65]
ZECUSDT [0.97, 0.19, 2.54, 2.71, 6.82]
XTZUSDT [3.09, 0.99, 5.83, 5.52, 5.68]
BNBUSDT [0.79, 0.15, 3.54, 15.2, 7.53]
ATOMUSDT [0.72, 0.13, 1.74, 3.33, 6.32]
ONTUSDT [2.82, 0.55, 2.33, 4.58, 5.25]
IOTAUSDT [1.06, 0.23, 2.53, 4.68, 4.98]
BATUSDT [1.69, 0.34, 1.87, 3.25, 3.11]
VETUSDT [5.88, 1.1, 2.14, 2.62, 4.09]
NEOUSDT [0.81, 0.13, 0.94, 2.91, 10.35]
QTUMUSDT [0.42, 0.06, 1.53, 2.55, 4.25]
IOSTUSDT [3.51, 0.52, 1.12, 2.48, 11.54]
THETAUSDT [11.21, 1.72, 2.2, 2.05, 3.77]
ALGOUSDT [0.53, 0.14, 2.34, 6.1, 6.45]
ZILUSDT [3.16, 0.52, 1.82, 3.01, 4.46]
KNCUSDT [2.24, 0.62, 2.43, 2.84, 4.17]
ZRXUSDT [1.65, 0.36, 1.54, 2.1, 2.33]
COMPUSDT [0.14, 0.02, 0.6, 1.6, 4.27]
OMGUSDT [8.66, 2.0, 2.27, 2.89, 2.67]
DOGEUSDT [3.55, 0.51, 0.97, 2.55, 22.23]
SXPUSDT [2.19, 0.59, 4.06, 6.75, 4.65]
KAVAUSDT [0.93, 0.25, 1.27, 3.25, 9.76]
BANDUSDT [5.38, 1.61, 5.24, 6.81, 6.22]
RLCUSDT [4.41, 1.07, 2.35, 2.8, 4.49]
WAVESUSDT [6.61, 2.38, 4.55, 4.21, 1.43]
MKRUSDT [6.06, 1.18, 1.91, 2.52, 5.49]
SNXUSDT [12.01, 3.51, 2.55, 2.49, 5.44]
DOTUSDT [2.33, 0.94, 9.36, 4.42, 4.59]
DEFIUSDT [0.03, 0.01, 0.58, 3.72, 5.03]
YFIUSDT [2.54, 0.59, 4.19, 3.87, 5.5]
BALUSDT [7.9, 1.51, 1.62, 2.86, 5.04]
CRVUSDT [4.59, 0.87, 0.99, 2.89, 15.82]
TRBUSDT [1.82, 0.53, 2.01, 3.59, 3.24]
YFIIUSDT [0.2, 0.05, 5.93, 4.68, 5.83]
RUNEUSDT [3.9, 0.77, 2.97, 5.44, 3.56]
SUSHIUSDT [12.98, 2.36, 2.64, 4.11, 4.71]
SRMUSDT [0.08, 4.26, 13.36, 23.36, 11.17]
BZRXUSDT [0.07, 0.28, 2.45, 1.98, 5.41]
EGLDUSDT [0.5, 0.83, 2.54, 5.17, 14.75]
SOLUSDT [3.75, 2.63, 2.81, 5.96, 6.56]
ICXUSDT [0.05, 0.57, 2.72, 5.07, 4.1]
STORJUSDT [0.65, 1.97, 4.75, 10.29, 5.26]
BLZUSDT [0.1, 0.64, 1.18, 8.61, 8.47]
UNIUSDT [2.49, 1.09, 2.01, 4.32, 9.17]
2021-04-11 11:36:15.713494
2021-04-11 11:36:51.736740
BTCUSDT [7.6, 1.46, 1.68, 3.17, 4.85]
ETHUSDT [4.0, 1.69, 2.22, 4.28, 4.77]
BCHUSDT [5.65, 1.66, 1.76, 1.46, 6.63]
XRPUSDT [3.66, 1.14, 2.32, 3.7, 6.11]
EOSUSDT [5.56, 1.35, 2.18, 2.07, 6.36]
LTCUSDT [6.32, 3.89, 2.72, 2.96, 6.51]
TRXUSDT [7.51, 4.56, 5.72, 5.31, 6.06]
ETCUSDT [0.0, 1.56, 5.66, 2.63, 4.44]
LINKUSDT [0.09, 8.27, 4.79, 5.81, 6.54]
XLMUSDT [0.11, 3.53, 3.77, 4.48, 11.71]
ADAUSDT [0.45, 2.27, 1.16, 3.09, 27.45]
XMRUSDT [0.21, 9.35, 4.72, 3.17, 3.44]
DASHUSDT [1.5, 2.72, 2.62, 2.33, 5.68]
ZECUSDT [0.38, 2.29, 3.11, 2.83, 6.85]
XTZUSDT [8.16, 6.37, 7.21, 5.97, 5.76]
BNBUSDT [0.5, 1.39, 4.34, 15.51, 7.59]
ATOMUSDT [0.56, 1.63, 2.1, 3.42, 6.35]
ONTUSDT [1.23, 1.32, 2.64, 4.67, 5.26]
IOTAUSDT [1.43, 1.27, 2.86, 4.75, 5.0]
BATUSDT [9.82, 4.56, 2.86, 3.47, 3.14]
VETUSDT [3.18, 7.6, 3.93, 2.97, 4.17]
NEOUSDT [0.8, 0.89, 1.09, 2.96, 10.36]
QTUMUSDT [0.49, 0.95, 1.75, 2.6, 4.26]
IOSTUSDT [1.23, 1.67, 1.33, 2.54, 11.57]
THETAUSDT [2.51, 5.57, 3.39, 2.3, 3.81]
ALGOUSDT [0.55, 0.77, 2.56, 6.16, 6.47]
ZILUSDT [1.14, 2.53, 2.34, 3.13, 4.49]
KNCUSDT [0.77, 2.38, 2.83, 2.94, 4.18]
ZRXUSDT [3.16, 1.98, 1.88, 2.17, 2.34]
COMPUSDT [1.66, 1.41, 0.85, 1.64, 4.28]
OMGUSDT [12.11, 5.63, 3.11, 3.06, 2.69]
DOGEUSDT [5.58, 2.4, 1.3, 2.65, 22.29]
SXPUSDT [1.72, 2.24, 4.68, 6.92, 4.68]
KAVAUSDT [6.31, 2.0, 1.56, 3.35, 9.79]
BANDUSDT [2.63, 5.17, 6.63, 7.23, 6.31]
RLCUSDT [3.63, 3.04, 2.86, 2.9, 4.51]
WAVESUSDT [2.18, 5.28, 5.46, 4.41, 1.44]
MKRUSDT [2.82, 3.01, 2.29, 2.61, 5.51]
SNXUSDT [0.82, 4.12, 2.66, 2.52, 5.44]
DOTUSDT [19.38, 10.61, 12.71, 5.26, 4.76]
DEFIUSDT [29.09, 7.31, 2.91, 4.25, 5.14]
YFIUSDT [4.67, 3.35, 4.93, 4.04, 5.54]
BALUSDT [4.9, 3.99, 2.18, 2.99, 5.07]
CRVUSDT [13.69, 5.09, 1.52, 3.13, 15.89]
TRBUSDT [2.9, 2.35, 2.53, 3.7, 3.26]
YFIIUSDT [2.83, 1.36, 6.4, 4.79, 5.86]
RUNEUSDT [2.36, 1.96, 3.46, 5.57, 3.57]
SUSHIUSDT [3.04, 3.22, 2.89, 4.18, 4.73]
SRMUSDT [6.86, 12.08, 17.33, 25.24, 11.61]
BZRXUSDT [1.99, 2.06, 2.83, 2.05, 5.43]
EGLDUSDT [1.29, 1.47, 2.72, 5.23, 14.77]
SOLUSDT [10.03, 6.9, 4.3, 6.4, 6.66]
ICXUSDT [8.5, 2.63, 3.4, 5.24, 4.12]
STORJUSDT [0.15, 4.03, 5.66, 10.6, 5.31]
BLZUSDT [0.08, 1.25, 1.5, 8.71, 8.5]
UNIUSDT [1.01, 2.49, 2.38, 4.44, 9.2]
AVAXUSDT [0.69, 4.54, 4.97, 5.98, 5.31]
FTMUSDT [0.26, 0.83, 1.81, 2.9, 4.19]
HNTUSDT [0.06, 0.95, 1.92, 4.79, 3.47]
ENJUSDT [1.93, 2.85, 5.32, 7.12, 2.69]
FLMUSDT [0.52, 1.62, 1.84, 4.35, 3.6]
TOMOUSDT [0.35, 1.17, 2.61, 3.23, 4.84]
RENUSDT [1.57, 13.39, 5.58, 4.13, 4.36]
KSMUSDT [0.97, 5.7, 5.3, 5.24, 5.23]
NEARUSDT [0.76, 1.66, 2.04, 3.57, 13.93]
AAVEUSDT [1.61, 2.02, 2.66, 5.05, 4.95]
FILUSDT [1.34, 2.62, 4.0, 4.2, 2.4]
RSRUSDT [5.65, 3.2, 2.21, 2.94, 5.3]
LRCUSDT [0.47, 1.8, 1.1, 4.16, 6.82]
MATICUSDT [0.72, 2.45, 6.02, 4.58, 3.76]
OCEANUSDT [2.36, 1.7, 2.79, 5.16, 3.22]
CVCUSDT [6.2, 2.35, 3.06, 6.17, 5.41]
BELUSDT [2.24, 3.68, 3.17, 3.49, 5.68]
CTKUSDT [6.18, 4.2, 6.84, 6.28, 5.58]
AXSUSDT [2.66, 4.52, 5.16, 4.72, 4.69]
ALPHAUSDT [9.26, 4.23, 3.69, 4.27, 6.2]
ZENUSDT [3.22, 2.98, 3.21, 2.44, 6.38]
SKLUSDT [5.31, 2.69, 2.47, 2.36, 4.73]
GRTUSDT [2.94, 4.24, 3.01, 6.04, 5.85]
1INCHUSDT [4.74, 5.68, 5.07, 6.22, 4.09]
BTCBUSD [3.0, 4.26, 3.83, 3.86, 4.74]
AKROUSDT [4.66, 4.28, 2.52, 2.74, 6.26]
CHZUSDT [4.75, 4.25, 1.3, 7.05, 15.55]
SANDUSDT [6.59, 6.78, 3.02, 4.41, 6.29]
ANKRUSDT [11.42, 6.07, 4.36, 3.78, 3.42]
LUNAUSDT [4.59, 3.59, 3.15, 3.41, 4.49]
BTSUSDT [6.22, 2.76, 2.45, 2.83, 5.14]
LITUSDT [4.69, 2.95, 2.67, 3.38, 3.31]
UNFIUSDT [1.67, 2.61, 3.06, 4.09, 3.9]
DODOUSDT [2.67, 4.18, 6.58, 9.63, 8.27]
REEFUSDT [7.94, 8.49, 4.51, 3.77, 6.28]
RVNUSDT [5.98, 3.0, 5.55, 7.65, 6.34]
SFPUSDT [6.96, 9.31, 6.11, 5.17, 4.44]
XEMUSDT [18.12, 8.87, 3.34, 3.21, 8.87]
BTCSTUSDT [1, 1, 1, 1, 1]
COTIUSDT [9.41, 5.27, 2.04, 2.54, 5.42]
CHRUSDT [7.53, 8.05, 2.31, 3.07, 6.81]
MANAUSDT [0.01, 3.89, 3.04, 4.95, 12.0]
ALICEUSDT [0.0, 2.79, 5.83, 9.18, 5.57]
BTCUSDT_210625 [0.0, 4.27, 5.34, 3.89, 4.57]
ETHUSDT_210625 [0.0, 3.17, 7.86, 7.18, 4.77]
HBARUSDT [2.46, 9.43, 2.52, 2.09, 8.26]
ONEUSDT [1.72, 4.71, 4.75, 3.4, 4.31]
LINAUSDT [1.5, 10.62, 5.3, 1.78, 4.23]
STMXUSDT [0.72, 6.98, 4.15, 2.24, 5.7]
DENTUSDT [1.75, 2.33, 2.3, 8.84, 20.23]
CELRUSDT [1.81, 6.79, 4.67, 2.87, 6.53]
HOTUSDT [2.24, 17.98, 20.03, 21.33, 18.2]
MTLUSDT [8.29, 10.76, 6.15, 8.47, 4.72]
OGNUSDT [2.88, 4.94, 4.04, 7.5, 3.31]
BTTUSDT [3.34, 11.3, 10.84, 14.15, 13.34]
NKNUSDT [2.04, 15.05, 7.73, 9.11, 4.63]
2021-04-11 11:39:27.182339
