2021-04-12 02:47:28.188658
HOTUSDT [5.02, 1.48, 0.31, 0.98, 2.15]
OGNUSDT [2.99, 1.31, 0.48, 3.58, 2.09]
DENTUSDT [7.86, 2.36, 0.7, 1.37, 2.45]
NKNUSDT [5.16, 1.81, 0.51, 2.59, 1.98]
BTCUSDT_210625 [13.5, 4.0, 1.71, 7.69, 4.59]
HBARUSDT [1.13, 4.15, 0.95, 2.94, 4.15]
LINAUSDT [2.74, 1.49, 0.26, 2.81, 2.74]
MANAUSDT [6.34, 2.01, 0.58, 2.26, 2.84]
DODOUSDT [2.41, 2.03, 0.52, 6.23, 19.44]
RVNUSDT [6.49, 6.67, 2.15, 3.32, 2.68]
COTIUSDT [8.22, 4.72, 1.58, 3.13, 2.44]
XEMUSDT [1.79, 2.52, 1.11, 9.3, 5.62]
LUNAUSDT [2.96, 2.8, 0.87, 5.2, 3.66]
LITUSDT [14.73, 4.61, 1.15, 3.47, 2.48]
SANDUSDT [6.26, 3.76, 0.99, 3.19, 2.95]
AKROUSDT [6.53, 2.47, 0.77, 4.9, 3.11]
1INCHUSDT [7.17, 3.35, 1.11, 4.72, 3.21]
ALPHAUSDT [7.37, 4.85, 1.38, 2.6, 2.36]
SKLUSDT [3.93, 5.46, 2.11, 6.63, 2.94]
CTKUSDT [9.37, 3.08, 1.4, 5.83, 4.52]
CVCUSDT [2.25, 0.99, 0.15, 2.33, 10.2]
RSRUSDT [13.13, 2.66, 0.87, 3.36, 2.57]
AAVEUSDT [1.79, 2.37, 0.61, 4.24, 4.59]
MATICUSDT [2.25, 1.92, 0.56, 5.81, 4.15]
KSMUSDT [4.07, 0.61, 0.24, 5.74, 4.96]
FTMUSDT [4.5, 2.66, 0.84, 5.78, 4.78]
ENJUSDT [1.16, 3.57, 1.04, 3.75, 2.06]
TOMOUSDT [13.32, 3.28, 0.75, 3.44, 3.3]
BZRXUSDT [6.51, 4.7, 1.73, 7.98, 4.76]
STORJUSDT [12.97, 10.15, 2.78, 4.75, 4.38]
SOLUSDT [2.47, 3.54, 1.7, 6.78, 7.25]
UNIUSDT [7.93, 3.45, 0.87, 2.27, 4.88]
YFIUSDT [8.62, 9.62, 2.21, 3.43, 5.04]
SUSHIUSDT [9.75, 4.6, 1.37, 4.45, 4.28]
CRVUSDT [10.2, 1.56, 0.67, 4.54, 6.37]
YFIIUSDT [12.58, 4.48, 1.17, 4.05, 3.72]
RLCUSDT [4.12, 2.45, 0.79, 4.26, 3.61]
KAVAUSDT [4.5, 3.31, 0.84, 2.53, 2.79]
DOTUSDT [6.28, 2.25, 0.52, 3.03, 3.31]
MKRUSDT [5.24, 2.7, 0.69, 3.66, 4.47]
ALGOUSDT [2.85, 2.13, 0.54, 4.92, 10.19]
COMPUSDT [6.85, 2.02, 0.82, 5.73, 4.72]
DOGEUSDT [19.05, 12.67, 2.61, 1.92, 3.87]
KNCUSDT [4.53, 2.42, 1.05, 8.27, 3.54]
IOSTUSDT [5.61, 4.94, 1.31, 3.37, 3.84]
BATUSDT [22.89, 12.8, 3.43, 3.86, 1.89]
ONTUSDT [7.76, 2.59, 0.91, 5.29, 4.27]
NEOUSDT [5.03, 2.62, 0.77, 3.62, 4.35]
ZECUSDT [2.05, 1.05, 0.23, 3.55, 9.14]
XMRUSDT [2.52, 1.76, 0.36, 3.02, 6.29]
XLMUSDT [4.2, 2.62, 0.56, 1.84, 2.37]
BNBUSDT [6.08, 3.83, 0.71, 2.37, 3.95]
2021-04-12 02:47:50.102714
2021-04-12 02:48:47.007291
BTCUSDT_210625 [5.71, 5.57, 2.4, 7.87, 4.63]
NKNUSDT [3.26, 5.02, 1.44, 2.71, 2.0]
OGNUSDT [15.49, 3.46, 1.3, 3.68, 2.11]
DODOUSDT [6.44, 3.44, 0.93, 6.39, 19.51]
XEMUSDT [4.43, 6.87, 3.09, 9.79, 5.74]
RSRUSDT [10.5, 4.61, 1.53, 3.47, 2.59]
LUNAUSDT [2.31, 3.42, 1.07, 5.25, 3.67]
CVCUSDT [7.13, 2.12, 0.33, 2.37, 10.23]
AKROUSDT [25.67, 6.85, 2.2, 5.16, 3.16]
FTMUSDT [1.38, 4.61, 1.48, 5.92, 4.81]
COTIUSDT [3.11, 5.59, 1.88, 3.17, 2.44]
HOTUSDT [4.71, 2.52, 0.53, 0.99, 2.16]
BZRXUSDT [6.76, 7.01, 2.75, 8.23, 4.81]
1INCHUSDT [6.47, 5.5, 1.85, 4.86, 3.24]
LITUSDT [7.7, 6.06, 1.53, 3.54, 2.49]
SOLUSDT [4.39, 4.2, 2.03, 6.87, 7.27]
LINAUSDT [9.64, 5.5, 0.99, 2.98, 2.77]
YFIIUSDT [1.6, 5.18, 1.35, 4.08, 3.73]
TOMOUSDT [12.06, 5.19, 1.23, 3.54, 3.32]
ENJUSDT [1.82, 4.32, 1.26, 3.79, 2.06]
RVNUSDT [3.28, 8.44, 2.73, 3.4, 2.7]
KAVAUSDT [5.95, 6.91, 1.77, 2.67, 2.83]
MANAUSDT [25.01, 7.26, 2.18, 2.47, 2.9]
CTKUSDT [4.44, 4.22, 1.91, 5.94, 4.55]
SANDUSDT [11.18, 5.84, 1.58, 3.29, 2.97]
CRVUSDT [7.64, 2.27, 0.98, 4.6, 6.4]
DENTUSDT [3.78, 4.99, 1.51, 1.44, 2.47]
SKLUSDT [4.74, 8.02, 3.15, 6.85, 2.98]
MKRUSDT [6.91, 6.07, 1.59, 3.87, 4.52]
HBARUSDT [8.58, 8.09, 1.92, 3.13, 4.19]
ALPHAUSDT [12.31, 10.13, 3.0, 2.86, 2.41]
MATICUSDT [4.14, 4.0, 1.18, 5.96, 4.18]
STORJUSDT [10.45, 13.97, 3.94, 5.05, 4.45]
RLCUSDT [7.35, 4.11, 1.34, 4.36, 3.63]
KSMUSDT [14.45, 3.03, 1.21, 5.97, 5.01]
AAVEUSDT [11.36, 5.09, 1.34, 4.41, 4.64]
YFIUSDT [3.88, 10.72, 2.49, 3.49, 5.06]
KNCUSDT [2.62, 2.95, 1.28, 8.33, 3.55]
COMPUSDT [14.23, 4.89, 2.02, 6.03, 4.78]
ALGOUSDT [3.64, 2.83, 0.73, 4.97, 10.21]
IOSTUSDT [7.57, 6.64, 1.79, 3.46, 3.86]
ONTUSDT [10.53, 4.22, 1.49, 5.43, 4.3]
BNBUSDT [8.44, 5.64, 1.06, 2.46, 3.97]
DOTUSDT [16.09, 7.34, 1.6, 3.29, 3.36]
ZECUSDT [20.26, 3.5, 0.77, 3.72, 9.19]
BATUSDT [6.09, 14.73, 4.02, 3.98, 1.91]
SUSHIUSDT [8.39, 6.68, 2.02, 4.59, 4.31]
UNIUSDT [7.45, 9.24, 2.44, 2.58, 4.97]
XMRUSDT [1.24, 2.21, 0.45, 3.04, 6.29]
XLMUSDT [2.64, 4.04, 0.87, 1.88, 2.38]
2021-04-12 02:48:56.663810
NEOUSDT [12.02, 5.23, 1.56, 3.79, 4.39]
DOGEUSDT [3.96, 14.83, 3.22, 1.98, 3.9]
